13357		0.00012	0.000051	0.000045	0.577003	0.000029	0.028682	0.278933	0.026543	0.065616	0.02297713356		0.000247	0.0003	0.000359	0.277565	0.000227	0.230183	0.000376	0.490339	0.000204	0.000211542		0.000075	0.000097	0.443652	0.000071	0.028877	0.000065	0.116973	0.409969	0.000092	0.0001311543		0.000006	0.000008	0.000163	0.000005	0.997624	0.000005	0.001057	0.000046	0.001084	0.00000311540		0.000457	0.520324	0.024831	0.154327	0.029381	0.028194	0.216078	0.000018	0.026377	0.00001311541		0.000094	0.00006	0.360099	0.000033	0.000022	0.000031	0.001877	0.577108	0.00004	0.06063611546		0.001125	0.932393	0.000036	0.006359	0.00004	0.001247	0.058687	0.000036	0.00004	0.00003811547		0.000016	0.00061	0.000017	0.000155	0.78015	0.125172	0.018992	0.000015	0.074863	0.0000111544		0.000055	0.000052	0.440198	0.000059	0.026862	0.000056	0.000135	0.532466	0.000063	0.00005411545		0.000044	0.000042	0.534329	0.000047	0.011348	0.000044	0.000097	0.453955	0.000051	0.00004314545		0.000037	0.000037	0.000069	0.000037	0.000073	0.034004	0.000054	0.965591	0.000067	0.0000311548		0.000004	0.000005	0.000023	0.000004	0.999663	0.000004	0.000084	0.000011	0.000199	0.00000311549		0.000051	0.000048	0.701969	0.000052	0.000044	0.000051	0.27305	0.024613	0.00006	0.0000625989		0.000024	0.000016	0.00032	0.682501	0.000017	0.000019	0.316845	0.000032	0.000213	0.0000135982		0.000047	0.000061	0.00005	0.000096	0.000046	0.000058	0.381467	0.527809	0.000046	0.0903215983		0.000026	0.000021	0.00066	0.700518	0.000023	0.000024	0.29842	0.000053	0.000239	0.0000165980		0.000027	0.000021	0.001127	0.724926	0.000023	0.000024	0.27344	0.000061	0.000333	0.0000175981		0.000242	0.000238	0.000228	0.000263	0.000215	0.00029	0.78116	0.000269	0.000216	0.2168795986		0.000024	0.000019	0.032801	0.650078	0.000022	0.000023	0.313096	0.003623	0.000297	0.0000165987		0.000072	0.000086	0.000099	0.000111	0.000124	0.443419	0.012884	0.54295	0.000186	0.0000695984		0.000056	0.006176	0.000039	0.510216	0.000035	0.000221	0.482832	0.000041	0.00035	0.0000345985		0.000148	0.000444	0.000246	0.000533	0.000313	0.008314	0.236258	0.753474	0.00013	0.00013912441		0.00007	0.000076	0.000116	0.84356	0.034215	0.00009	0.005353	0.04027	0.076192	0.00005914544		0.000112	0.15259	0.139208	0.071574	0.000113	0.00011	0.440679	0.195426	0.000104	0.0000866796		0.000084	0.206804	0.000067	0.000124	0.000163	0.170243	0.622314	0.000067	0.000076	0.000066797		0.00002	0.000028	0.004597	0.002098	0.000017	0.000024	0.112105	0.191279	0.689819	0.0000146794		0.000014	0.000014	0.000021	0.000166	0.000011	0.000017	0.098231	0.06805	0.833467	0.0000096795		0.087113	0.85813	0.009316	0.000011	0.000159	0.000034	0.044598	0.000626	0.000008	0.0000056792		0.000217	0.000267	0.0002	0.000587	0.000215	0.997616	0.000296	0.0002	0.000204	0.00026793		0.000095	0.000116	0.000081	0.669827	0.000077	0.000089	0.175117	0.154516	0.000047	0.0000346790		0.000043	0.321348	0.008473	0.0107	0.000023	0.000027	0.580334	0.000026	0.079008	0.000026791		0.000014	0.000014	0.000014	0.000015	0.00001	0.999888	0.000012	0.000012	0.000012	0.0000113637		0.000019	0.000019	0.000019	0.000019	0.999832	0.000019	0.000019	0.000019	0.000019	0.0000186798		0.000009	0.00001	0.000717	0.000017	0.000011	0.975197	0.000011	0.024011	0.000009	0.0000076799		0.000016	0.187225	0.000015	0.000012	0.800795	0.000012	0.000015	0.000439	0.000012	0.01145813549		0.000005	0.000005	0.000007	0.00001	0.999936	0.000006	0.000007	0.000014	0.000005	0.0000046294		0.103023	0.255169	0.012461	0.062331	0.000009	0.566878	0.00002	0.000075	0.000026	0.000008270		0.000008	0.000008	0.013922	0.000008	0.000007	0.000008	0.000009	0.986014	0.000008	0.000007271		0.000054	0.000041	0.002135	0.335455	0.000055	0.000134	0.432189	0.228836	0.00107	0.000031272		0.00017	0.000142	0.995387	0.00012	0.002224	0.000421	0.001074	0.000171	0.000224	0.000067273		0.000036	0.000038	0.295683	0.000281	0.012083	0.002978	0.036851	0.643252	0.008773	0.000024274		0.005023	0.000094	0.762103	0.129366	0.000043	0.00007	0.000104	0.103126	0.00004	0.000031275		0.000007	0.000008	0.013731	0.000008	0.000007	0.000008	0.000008	0.98621	0.000008	0.000006276		0.00004	0.000032	0.000146	0.330754	0.000039	0.000062	0.354608	0.314142	0.000152	0.000025277		0.000035	0.000029	0.00011	0.428679	0.000037	0.000044	0.290161	0.280815	0.000068	0.000023278		0.000007	0.000007	0.015191	0.000007	0.000006	0.000007	0.000008	0.984753	0.000008	0.000006279		0.000032	0.000026	0.000052	0.381698	0.000032	0.000036	0.357626	0.260417	0.000062	0.0000212019		0.000034	0.000031	0.000032	0.000034	0.000031	0.000035	0.000053	0.000062	0.000033	0.99965512018		0.000032	0.000033	0.000033	0.000033	0.000032	0.000033	0.000036	0.000033	0.000034	0.999712015		0.000032	0.000033	0.000033	0.000033	0.000032	0.000033	0.000036	0.000033	0.000034	0.999712014		0.000022	0.000018	0.027944	0.640721	0.00002	0.000022	0.327523	0.00336	0.000355	0.00001512017		0.000016	0.000015	0.000018	0.766845	0.000013	0.000015	0.233011	0.000036	0.00002	0.0000112016		0.000034	0.000035	0.000034	0.000034	0.000034	0.000034	0.000034	0.000034	0.000034	0.9996912011		0.106876	0.341444	0.000021	0.373927	0.000061	0.009874	0.145425	0.016044	0.006318	0.0000112010		0.00064	0.000099	0.33705	0.142029	0.000053	0.001923	0.400139	0.037048	0.080973	0.00004712013		0.000048	0.000038	0.001435	0.000035	0.000026	0.000032	0.000077	0.000631	0.000036	0.99764212012		0.000024	0.000016	0.00032	0.682501	0.000017	0.000019	0.316845	0.000032	0.000213	0.00001310709		0.394609	0.00098	0.000713	0.031164	0.000174	0.00033	0.130166	0.441413	0.000323	0.00012610708		0.000072	0.25056	0.000047	0.744932	0.00008	0.000159	0.003942	0.000086	0.000071	0.000059529		0.000212	0.017619	0.593431	0.000033	0.03273	0.000027	0.003262	0.352634	0.000034	0.0000189258		0.000096	0.000031	0.000521	0.000108	0.000014	0.891176	0.002124	0.105888	0.000028	0.0000159259		0.078976	0.380776	0.000015	0.000039	0.00001	0.326942	0.000026	0.00003	0.213146	0.0000399256		0.000111	0.000088	0.000083	0.190072	0.000099	0.000157	0.809141	0.000099	0.000085	0.0000669257		0.000098	0.000032	0.000391	0.000188	0.000015	0.882558	0.003127	0.113546	0.00003	0.0000169254		0.924126	0.028404	0.006355	0.032732	0.000002	0.000007	0.007619	0.000086	0.000668	0.0000019255		0.000023	0.000022	0.000017	0.000915	0.021007	0.000025	0.945145	0.000042	0.032792	0.0000129252		0.000067	0.000068	0.000071	0.000071	0.000067	0.000069	0.000075	0.00007	0.000074	0.9993699253		0.000023	0.000023	0.000017	0.00108	0.021696	0.000026	0.942803	0.000041	0.034278	0.0000129250		0.000071	0.000071	0.000072	0.000071	0.000071	0.000071	0.000071	0.000072	0.000071	0.9993579251		0.448108	0.107481	0.000012	0.028684	0.00001	0.304678	0.000022	0.098963	0.012034	0.00000910619		0.000054	0.000064	0.000058	0.000038	0.030248	0.000036	0.009792	0.959595	0.000073	0.0000422143		0.000006	0.000007	0.999936	0.000007	0.000009	0.000007	0.000008	0.000007	0.000007	0.00000510618		0.000075	0.000095	0.000078	0.000044	0.035304	0.000044	0.012884	0.951325	0.000101	0.0000512142		0.00002	0.000017	0.947923	0.000016	0.013174	0.000016	0.000018	0.000022	0.038783	0.0000113519		0.000178	0.000157	0.837684	0.000169	0.000142	0.000141	0.159912	0.001324	0.000168	0.0001253518		0.000405	0.002037	0.318952	0.000064	0.000038	0.000061	0.020739	0.517348	0.000078	0.1402783513		0.116847	0.70515	0.003402	0.056769	0.00001	0.11192	0.000023	0.000016	0.005853	0.000013512		0.000075	0.000059	0.635651	0.00005	0.000044	0.000069	0.000073	0.337138	0.000052	0.0267883511		0.036232	0.212402	0.000037	0.136263	0.04867	0.190444	0.364471	0.000142	0.011318	0.0000213510		0.276711	0.400455	0.031163	0.182607	0.000049	0.000109	0.104666	0.003879	0.000233	0.0001283517		0.000027	0.000022	0.671168	0.000045	0.000029	0.000026	0.154606	0.160874	0.012871	0.0003313516		0.000109	0.000121	0.000118	0.695439	0.000108	0.000249	0.302265	0.00047	0.000134	0.0009863515		0.000291	0.00034	0.000255	0.000505	0.000277	0.000394	0.597886	0.000998	0.000295	0.3987593514		0.038325	0.000034	0.586551	0.000047	0.00003	0.000032	0.041856	0.333073	0.00003	0.0000232688		0.330183	0.023774	0.000025	0.00137	0.009356	0.000058	0.068606	0.079292	0.000016	0.487322684		0.000027	0.000025	0.960211	0.000029	0.000044	0.000044	0.039013	0.000537	0.000048	0.0000212685		0.017401	0.000016	0.801755	0.007877	0.000012	0.000035	0.115854	0.024833	0.026327	0.0058892686		0.000026	0.000024	0.97066	0.000028	0.000037	0.000039	0.028423	0.0007	0.000044	0.0000192687		0.000131	0.000105	0.379447	0.000178	0.000093	0.00013	0.037614	0.582103	0.00011	0.0000892680		0.865698	0.06623	0.000014	0.004961	0.000108	0.000913	0.051865	0.009844	0.000365	0.0000032681		0.000032	0.005853	0.033854	0.000034	0.00002	0.000026	0.070652	0.889398	0.000061	0.0000712682		0.000038	0.000038	0.000628	0.000039	0.000037	0.000038	0.000064	0.999018	0.000038	0.0000632683		0.000267	0.000213	0.374535	0.000215	0.000216	0.000205	0.623602	0.000328	0.000219	0.000214624		0.202075	0.000051	0.078208	0.043873	0.000043	0.000045	0.520827	0.154774	0.00007	0.00003614625		0.327594	0.000092	0.000109	0.036249	0.000162	0.000106	0.038291	0.597001	0.00031	0.00008513440		0.095292	0.000044	0.002134	0.000088	0.000035	0.000048	0.698838	0.203165	0.000332	0.00002314474		0.000564	0.000418	0.089638	0.113027	0.000338	0.001024	0.000619	0.793602	0.000438	0.00033214620		0.703767	0.038197	0.002606	0.030379	0.013868	0.07585	0.109878	0.003098	0.022352	0.00000514621		0.000026	0.956788	0.000287	0.000034	0.000086	0.000022	0.000172	0.042553	0.000018	0.00001514622		0.000025	0.944744	0.000061	0.000034	0.000066	0.000022	0.000171	0.054845	0.000017	0.00001514623		0.00011	0.000138	0.000097	0.000182	0.000076	0.910709	0.088434	0.000095	0.000092	0.00006714628		0.103644	0.001264	0.009235	0.04453	0.026293	0.814796	0.000171	0.000012	0.000041	0.00001414629		0.887863	0.075793	0.006953	0.017326	0.001747	0.010096	0.000164	0.000017	0.00004	099		0.000027	0.000028	0.99976	0.000024	0.000035	0.000028	0.000025	0.000024	0.000026	0.00002298		0.000006	0.000007	0.999941	0.000006	0.000007	0.000007	0.000008	0.000006	0.000007	0.00000511362		0.777617	0.039259	0.000102	0.000129	0.000113	0.000147	0.182276	0.000108	0.000154	0.00009691		0.000027	0.000028	0.999758	0.000024	0.000036	0.000028	0.000025	0.000025	0.000026	0.00002290		0.000007	0.000008	0.999932	0.000007	0.000009	0.000008	0.000009	0.000007	0.000008	0.00000693		0.210294	0.625161	0.003852	0.027719	0.002602	0.118045	0.00673	0.005179	0.000085	0.00033392		0.000007	0.000008	0.999933	0.000007	0.000008	0.000008	0.000009	0.000007	0.000008	0.00000695		0.000008	0.000009	0.999921	0.000008	0.00001	0.00001	0.000009	0.000009	0.000009	0.00000794		0.000007	0.000007	0.999936	0.000007	0.000008	0.000007	0.000009	0.000007	0.000008	0.00000697		0.000011	0.000013	0.999887	0.000012	0.000012	0.000014	0.000016	0.000013	0.000013	0.00000996		0.000006	0.000007	0.999938	0.000006	0.000007	0.000007	0.000008	0.000007	0.000007	0.00000514607		0.180495	0.003502	0.030127	0.000126	0.000629	0.000104	0.002491	0.780715	0.001767	0.00004413058		0.00033	0.000336	0.330186	0.593508	0.000113	0.001559	0.06442	0.009094	0.00034	0.00011513059		0.000533	0.000459	0.048591	0.000417	0.000317	0.925096	0.001055	0.022649	0.00057	0.00031313052		0.000203	0.000194	0.000163	0.000185	0.000149	0.000241	0.456374	0.000232	0.000186	0.54207313053		0.000033	0.000028	0.000029	0.000077	0.953993	0.000025	0.000028	0.000034	0.04573	0.00002413050		0.000111	0.000112	0.000138	0.000162	0.000102	0.695533	0.000206	0.001209	0.302313	0.00011413051		0.000027	0.000027	0.000027	0.000027	0.999756	0.000027	0.000028	0.000027	0.000029	0.00002613056		0.008304	0.000027	0.000044	0.003594	0.8721	0.00023	0.03788	0.001042	0.07676	0.0000213057		0.162367	0.006571	0.004123	0.692555	0.093944	0.00831	0.00031	0.000043	0.031777	0.00000213054		0.16805	0.007097	0.00351	0.688942	0.093502	0.007582	0.000127	0.000014	0.031175	0.00000213055		0.000031	0.000026	0.00003	0.000069	0.955841	0.000024	0.000027	0.000037	0.043892	0.00002311664		0.000026	0.000023	0.038553	0.000028	0.000023	0.000024	0.000028	0.96124	0.000031	0.00002313912		0.057404	0.000112	0.275148	0.000395	0.000066	0.000083	0.164067	0.50149	0.001187	0.00004912109		0.000039	0.000024	0.90124	0.000041	0.000019	0.000026	0.00258	0.085193	0.01082	0.00001812643		0.00025	0.000259	0.325056	0.00019	0.000201	0.061408	0.000264	0.611551	0.000648	0.00017210693		0.593644	0.180274	0.000009	0.116699	0.000005	0.106411	0.002902	0.000007	0.000043	0.0000051177		0.000034	0.000051	0.932788	0.016398	0.000027	0.000063	0.050348	0.000231	0.000036	0.0000241176		0.190847	0.432451	0.000025	0.021289	0.005858	0.343296	0.000452	0.00001	0.00577	0.0000011175		0.000037	0.000059	0.925033	0.032469	0.00003	0.000069	0.042036	0.000201	0.000038	0.0000271174		0.000039	0.000061	0.996637	0.002151	0.000034	0.000041	0.000853	0.000107	0.000048	0.000031173		0.101269	0.000169	0.000036	0.047001	0.000023	0.000053	0.00002	0.851379	0.000038	0.0000121172		0.00004	0.000063	0.995703	0.003153	0.000035	0.000041	0.000751	0.000132	0.00005	0.0000311171		0.028783	0.000037	0.785678	0.040423	0.008626	0.000057	0.000159	0.136166	0.000046	0.0000261170		0.022933	0.000026	0.750078	0.046749	0.000123	0.000034	0.017504	0.162496	0.000039	0.0000171179		0.000044	0.000152	0.582636	0.000074	0.00003	0.000116	0.333322	0.082664	0.000933	0.0000281178		0.000035	0.000052	0.928042	0.017442	0.000028	0.000063	0.05401	0.000268	0.000035	0.00002510580		0.005786	0.000066	0.063101	0.893436	0.000046	0.00007	0.037124	0.000131	0.000195	0.00004411771		0.000028	0.000027	0.000028	0.000028	0.99975	0.000027	0.000028	0.000027	0.000029	0.0000277188		0.000386	0.19863	0.000107	0.061759	0.000577	0.000164	0.738059	0.000099	0.000108	0.00011876		0.00003	0.000027	0.181462	0.000029	0.000024	0.000028	0.000033	0.818314	0.00003	0.000022877		0.000707	0.149428	0.002252	0.000144	0.034136	0.232566	0.173884	0.000112	0.40668	0.0000917180		0.000339	0.354401	0.000175	0.0003	0.000169	0.292466	0.351622	0.000166	0.000196	0.0001667181		0.000031	0.00002	0.000022	0.999406	0.000019	0.000169	0.000031	0.000019	0.000269	0.0000157182		0.089332	0.73323	0.00001	0.001516	0.003215	0.093045	0.000016	0.000007	0.079621	0.0000077183		0.000643	0.000629	0.560101	0.397772	0.000548	0.001141	0.000911	0.00066	0.037098	0.0004987184		0.000971	0.226834	0.000119	0.040297	0.00066	0.000169	0.730606	0.00011	0.000116	0.0001173432		0.000176	0.004905	0.000043	0.173155	0.000025	0.733436	0.010946	0.06808	0.009209	0.0000257186		0.28501	0.000126	0.362723	0.000171	0.000051	0.00007	0.294865	0.000069	0.056826	0.000097187		0.000044	0.000042	0.000048	0.894973	0.000038	0.000075	0.007489	0.000056	0.097198	0.000037623		0.681931	0.002172	0.0002	0.000238	0.0002	0.314403	0.000258	0.0002	0.0002	0.0002875		0.000102	0.000726	0.000294	0.00014	0.026526	0.000136	0.000804	0.000199	0.970988	0.000085622		0.000042	0.000037	0.693377	0.000041	0.00003	0.000037	0.000091	0.290068	0.000033	0.016244872		0.00005	0.00007	0.369383	0.043865	0.000035	0.000057	0.432563	0.153909	0.000039	0.0000291225		0.142518	0.000068	0.098471	0.005024	0.004276	0.000848	0.746027	0.000163	0.002576	0.000033435		0.000104	0.000163	0.163769	0.000116	0.000108	0.000094	0.834724	0.000113	0.000732	0.00007812833		0.000044	0.383791	0.00068	0.000087	0.568606	0.00002	0.00005	0.046682	0.000025	0.00001512832		0.000046	0.417093	0.001361	0.000061	0.561944	0.000021	0.00003	0.019401	0.000031	0.00001212831		0.102796	0.000089	0.000031	0.114091	0.681308	0.000019	0.007137	0.094479	0.000035	0.000015620		0.000035	0.000034	0.799424	0.000034	0.000024	0.000029	0.191361	0.008986	0.000032	0.0000428549		0.000015	0.000016	0.966403	0.000017	0.000017	0.000015	0.032955	0.000528	0.000022	0.000012870		0.879487	0.075622	0.001608	0.011718	0.002102	0.010823	0.004536	0.000003	0.00687	0.0072318019		0.000062	0.076756	0.000042	0.813792	0.000031	0.000133	0.104701	0.004342	0.000115	0.0000278018		0.001077	0.000071	0.00308	0.624273	0.00004	0.083931	0.193371	0.094044	0.000052	0.0000618017		0.108214	0.000897	0.043008	0.801978	0.000122	0.000107	0.007474	0.016687	0.021503	0.00001627		0.00003	0.000097	0.448864	0.000041	0.018913	0.000035	0.000077	0.344097	0.187818	0.0000298015		0.000292	0.000152	0.000575	0.872766	0.000106	0.000966	0.000175	0.124542	0.000146	0.000279871		0.000079	0.000085	0.492882	0.000139	0.000068	0.000692	0.501186	0.004618	0.000181	0.000078013		0.000044	0.000043	0.000135	0.239793	0.063499	0.000112	0.696206	0.000073	0.000059	0.0000368012		0.068	0.000235	0.015327	0.901497	0.000127	0.000198	0.001071	0.000014	0.013518	0.0000138011		0.000047	0.000046	0.000173	0.257565	0.06594	0.000097	0.675989	0.000048	0.000053	0.000042626		0.000558	0.000048	0.000041	0.000044	0.000027	0.000042	0.942029	0.056625	0.000563	0.0000237456		0.000012	0.000011	0.000011	0.999913	0.000008	0.00001	0.000009	0.000011	0.000008	0.0000074592		0.000103	0.000101	0.999017	0.000084	0.000084	0.000101	0.0001	0.000249	0.000083	0.0000777454		0.000217	0.000239	0.000236	0.212282	0.000205	0.000206	0.785892	0.000296	0.000204	0.0002247455		0.000012	0.000011	0.000011	0.999909	0.000008	0.000011	0.00001	0.000012	0.000008	0.0000077452		0.562831	0.431028	0.000017	0.000085	0.000015	0.000021	0.005917	0.000014	0.000058	0.000015625		0.388834	0.024727	0.00855	0.158363	0.000038	0.091448	0.269246	0.029	0.029759	0.0000357450		0.000184	0.000178	0.000207	0.000253	0.343017	0.000178	0.425536	0.230061	0.000219	0.0001662036		0.000084	0.000079	0.843433	0.15579	0.000057	0.000127	0.000124	0.000135	0.000114	0.000058624		0.000029	0.000037	0.425721	0.000036	0.020031	0.000037	0.00006	0.373985	0.180031	0.0000314590		0.000017	0.00002	0.000024	0.999619	0.000017	0.000017	0.000235	0.000023	0.000015	0.0000127458		0.02725	0.201732	0.000082	0.225515	0.000036	0.001367	0.401262	0.000129	0.142592	0.0000357459		0.000061	0.006621	0.019616	0.442856	0.00005	0.023961	0.481779	0.024901	0.000066	0.000094591		0.00099	0.00099	0.001633	0.001143	0.00099	0.001238	0.750451	0.003433	0.238141	0.000994596		0.000017	0.00002	0.000023	0.999697	0.000018	0.000017	0.000157	0.000023	0.000015	0.0000134849		0.007815	0.68904	0.000009	0.000008	0.000004	0.303103	0.000005	0.000004	0.000009	0.00000313603		0.001903	0.007731	0.000059	0.513546	0.005231	0.381959	0.088018	0.001422	0.0001	0.000034594		0.090605	0.000026	0.01343	0.894365	0.000012	0.000017	0.000023	0.000015	0.001406	0.00010213602		0.204977	0.163142	0.000066	0.178744	0.011784	0.189143	0.191042	0.020626	0.040442	0.0000354595		0.00099	0.00099	0.001633	0.001143	0.00099	0.001238	0.750451	0.003433	0.238141	0.0009913601		0.000015	0.695208	0.000231	0.224767	0.015465	0.055305	0.000583	0.004653	0.00376	0.00001210884		0.921058	0.000016	0.005532	0.000284	0.00044	0.047795	0.024836	0.000017	0.000014	0.0000082749		0.022173	0.000343	0.558414	0.054497	0.000174	0.000283	0.083902	0.000463	0.2796	0.0001510886		0.074934	0.036823	0.041443	0.75812	0.000015	0.00007	0.085783	0.002753	0.000045	0.00001410887		0.106494	0.70023	0.000009	0.182273	0.009338	0.00124	0.000358	0.000005	0.00005	0.00000310880		0.000385	0.00011	0.07348	0.000105	0.000058	0.00026	0.000102	0.825407	0.000047	0.10004610881		0.005988	0.109873	0.053185	0.746113	0.000023	0.000182	0.057729	0.02685	0.000036	0.00002110882		0.659337	0.000083	0.059913	0.234652	0.000031	0.000071	0.00511	0.039604	0.001165	0.0000354845		0.000012	0.000013	0.000012	0.000018	0.000008	0.999896	0.000011	0.00001	0.000011	0.00000813607		0.012109	0.005201	0.000059	0.459352	0.000035	0.46497	0.049149	0.008993	0.000087	0.00004410888		0.073898	0.024965	0.049966	0.773449	0.000014	0.000054	0.074633	0.002961	0.000048	0.0000134598		0.000244	0.00717	0.959152	0.000163	0.000249	0.000146	0.031706	0.0002	0.000769	0.00020212877		0.000023	0.000018	0.000023	0.23714	0.636693	0.018442	0.107585	0.000036	0.000027	0.00001413606		0.000033	0.000027	0.003418	0.482409	0.000942	0.429282	0.000621	0.00015	0.083099	0.00001914464		0.000548	0.000429	0.101026	0.000626	0.000342	0.894777	0.000941	0.000593	0.000378	0.0003398291		0.000027	0.000023	0.000018	0.999831	0.000015	0.000019	0.000019	0.000014	0.00002	0.0000134599		0.000017	0.00002	0.000023	0.999697	0.000018	0.000017	0.000157	0.000023	0.000015	0.0000134734		0.000065	0.000051	0.00004	0.000045	0.000035	0.099273	0.850165	0.000051	0.000039	0.0502368290		0.000254	0.000267	0.002768	0.000339	0.000274	0.000379	0.000258	0.994665	0.000546	0.0002494735		0.000224	0.138563	0.000177	0.000147	0.094386	0.000254	0.765854	0.000153	0.000143	0.00018293		0.000265	0.000266	0.996074	0.000296	0.00133	0.000275	0.000453	0.000364	0.00041	0.00026614476		0.000185	0.000162	0.001066	0.024649	0.000154	0.319325	0.000202	0.653924	0.000191	0.0001438292		0.000085	0.000113	0.078446	0.000136	0.000054	0.000062	0.85263	0.068339	0.000072	0.0000632039		0.000089	0.000077	0.16426	0.000094	0.000075	0.000085	0.690896	0.14426	0.000088	0.0000758295		0.000049	0.000058	0.005556	0.000235	0.000047	0.000048	0.894714	0.033075	0.066187	0.000034843		0.000076	0.135724	0.00006	0.000089	0.000117	0.293255	0.570254	0.000318	0.000059	0.00004812876		0.000112	0.026485	0.000029	0.423324	0.010938	0.034616	0.038964	0.000028	0.465491	0.0000134738		0.000566	0.795287	0.000025	0.001879	0.000012	0.202032	0.000147	0.000014	0.000025	0.0000148294		0.000026	0.000047	0.000023	0.000027	0.000023	0.000043	0.001403	0.017682	0.000016	0.9807094739		0.017027	0.026305	0.000008	0.108337	0.005478	0.84281	0.00001	0.000008	0.000013	0.0000058297		0.241811	0.01561	0.000009	0.691479	0.000007	0.000027	0.00028	0.00001	0.050761	0.0000068296		0.190943	0.000088	0.185182	0.254674	0.000127	0.000861	0.001509	0.268594	0.097971	0.000051393		0.00002	0.000016	0.000026	0.00002	0.000016	0.000019	0.000113	0.999735	0.000019	0.000016392		0.000033	0.00007	0.680213	0.000309	0.000288	0.000029	0.00856	0.039848	0.27054	0.00011391		0.00004	0.000042	0.000041	0.015251	0.000028	0.000553	0.000072	0.983899	0.000041	0.000033390		0.000018	0.000017	0.000025	0.000024	0.000017	0.00002	0.000038	0.999804	0.00002	0.000016397		0.131059	0.000031	0.034838	0.000154	0.799463	0.000029	0.003896	0.030448	0.000068	0.000013396		0.078094	0.000082	0.373987	0.000083	0.000079	0.000076	0.547301	0.00013	0.000097	0.000072395		0.000036	0.000038	0.000036	0.01109	0.000026	0.000427	0.000059	0.988221	0.000036	0.00003394		0.13826	0.000024	0.072535	0.000067	0.763423	0.000023	0.001064	0.024538	0.000056	0.000012399		0.117484	0.000066	0.059925	0.000355	0.707578	0.000045	0.098649	0.015864	0.000025	0.00001398		0.000011	0.00001	0.000014	0.00003	0.000008	0.000015	0.000022	0.99987	0.000012	0.0000092309		0.00004	0.0001	0.000016	0.001557	0.000017	0.9982	0.000021	0.000018	0.000016	0.0000132308		0.000076	0.000049	0.186809	0.000053	0.005626	0.000057	0.000159	0.790919	0.016213	0.0000394729		0.000072	0.000071	0.927639	0.000066	0.000056	0.003014	0.068467	0.000517	0.00006	0.0000384728		0.000162	0.000163	0.514237	0.000225	0.000244	0.000181	0.168812	0.315598	0.000255	0.0001252301		0.000045	0.000741	0.882917	0.000041	0.00002	0.000296	0.002853	0.112818	0.000159	0.0001092300		0.000042	0.000224	0.867403	0.000039	0.000021	0.00066	0.003565	0.127717	0.0002	0.000132303		0.000013	0.000013	0.64977	0.000016	0.025959	0.000013	0.000023	0.322935	0.000305	0.0009522302		0.000044	0.000048	0.000167	0.000051	0.014962	0.000046	0.048547	0.000126	0.935957	0.0000532305		0.00038	0.000043	0.058309	0.000811	0.000019	0.001847	0.000027	0.938518	0.000028	0.0000182304		0.001473	0.000054	0.068263	0.002673	0.000023	0.006296	0.000036	0.921119	0.000039	0.0000222307		0.003821	0.000039	0.142691	0.000499	0.000017	0.017502	0.000025	0.835339	0.00005	0.0000172306		0.000027	0.000096	0.000017	0.000834	0.000019	0.998937	0.000021	0.00002	0.000017	0.0000145847		0.000067	0.00008	0.000063	0.000081	0.000054	0.000079	0.000082	0.000058	0.999383	0.0000535846		0.000074	0.000075	0.198833	0.000103	0.156438	0.000076	0.009423	0.634719	0.000193	0.0000655845		0.000015	0.000012	0.126807	0.000029	0.870579	0.000016	0.000193	0.002313	0.000017	0.0000195844		0.000044	0.000028	0.000019	0.968793	0.000039	0.030547	0.000024	0.000017	0.000466	0.0000235843		0.000163	0.000172	0.00013	0.000186	0.000118	0.745484	0.250622	0.002815	0.000141	0.0001695842		0.000088	0.000032	0.000974	0.000973	0.00002	0.993413	0.00003	0.00441	0.000045	0.0000155841		0.00002	0.000018	0.000013	0.936705	0.000013	0.063157	0.000028	0.000014	0.000019	0.0000135840		0.000018	0.000014	0.047148	0.000027	0.952704	0.000017	0.000024	0.000022	0.000015	0.0000111281		0.750344	0.048558	0.000068	0.000152	0.000064	0.107666	0.092956	0.000064	0.000063	0.00006611280		0.001727	0.196601	0.000009	0.427133	0.306303	0.000018	0.060726	0.000011	0.000112	0.00735911283		0.092538	0.334211	0.000086	0.000266	0.000079	0.000104	0.560896	0.000308	0.002107	0.00940511282		0.000144	0.468266	0.000217	0.00012	0.000107	0.000159	0.530208	0.000531	0.000148	0.00010211285		0.478532	0.00022	0.000045	0.430188	0.000045	0.000059	0.079723	0.011052	0.000044	0.00009111284		0.002651	0.000052	0.000067	0.645145	0.00005	0.000064	0.35178	0.000081	0.000066	0.0000445849		0.877286	0.083416	0.002035	0.002277	0.009865	0.016058	0.003731	0.000465	0.002637	0.002235848		0.000022	0.000033	0.000024	0.000027	0.000023	0.000023	0.000231	0.000452	0.989532	0.0096313748		0.00035	0.000335	0.996506	0.000332	0.000332	0.000334	0.000332	0.000814	0.000332	0.0003323749		0.000155	0.000154	0.00017	0.00016	0.000157	0.000193	0.000198	0.00018	0.998491	0.0001433746		0.92034	0.045108	0.0114	0.011003	0.010863	0.000606	0.000222	0.000438	0.00002	0.0000013747		0.000038	0.000037	0.040601	0.000044	0.000036	0.000037	0.959074	0.000044	0.000064	0.0000263744		0.000028	0.00004	0.913429	0.000237	0.025953	0.000034	0.000422	0.059804	0.000031	0.0000213745		0.000051	0.000048	0.042347	0.000056	0.000052	0.000048	0.957244	0.00005	0.000072	0.0000323742		0.034536	0.000133	0.575133	0.015994	0.000025	0.000753	0.201855	0.171462	0.000086	0.0000223743		0.000084	0.000066	0.019288	0.000064	0.000067	0.000048	0.98014	0.000111	0.000085	0.0000463740		0.000111	0.000062	0.753457	0.000037	0.000069	0.004044	0.000252	0.240257	0.000092	0.0016183741		0.000024	0.000024	0.999553	0.000025	0.000262	0.000023	0.000023	0.000021	0.000025	0.0000194620		0.024315	0.000033	0.958966	0.000026	0.016365	0.000019	0.00008	0.000149	0.00003	0.0000184621		0.030664	0.764943	0.003741	0.021667	0.000007	0.17884	0.000095	0.000013	0.00002	0.0000084622		0.000246	0.000259	0.000202	0.083678	0.000169	0.000294	0.513735	0.400677	0.000545	0.0001934623		0.000038	0.000042	0.000057	0.00016	0.000041	0.999436	0.000115	0.00004	0.00004	0.0000314624		0.000109	0.083867	0.071665	0.000167	0.145047	0.000107	0.69449	0.000519	0.003923	0.0001074625		0.000049	0.000091	0.025516	0.090159	0.706553	0.01247	0.165005	0.000064	0.000076	0.0000164626		0.000058	0.000055	0.000046	0.770905	0.000033	0.000193	0.228421	0.000178	0.000081	0.0000294627		0.000035	0.000036	0.000046	0.056416	0.000028	0.94328	0.000062	0.000033	0.000036	0.0000284628		0.000273	0.257782	0.000257	0.414049	0.000172	0.000396	0.034779	0.291847	0.000278	0.0001674629		0.640981	0.158401	0.000087	0.193078	0.000046	0.004198	0.001187	0.001235	0.000753	0.00003312778		0.000565	0.000191	0.092633	0.000157	0.000102	0.162633	0.737297	0.005107	0.001209	0.00010614539		0.077723	0.005007	0.007036	0.036285	0.594344	0.123133	0.090255	0.00018	0.066016	0.00002111757		0.00026	0.006102	0.117989	0.709373	0.00003	0.006951	0.028773	0.000098	0.130414	0.00000911756		0.000266	0.120209	0.016589	0.023314	0.230661	0.495117	0.000999	0.100564	0.01216	0.00012211755		0.000105	0.000099	0.882655	0.014333	0.000056	0.000117	0.000112	0.000172	0.102297	0.00005511754		0.000009	0.103694	0.000039	0.000008	0.889113	0.000007	0.000009	0.000105	0.000007	0.00700911753		0.000016	0.180074	0.00147	0.000013	0.80206	0.000012	0.000017	0.005394	0.000012	0.01093411752		0.000012	0.000006	0.966146	0.000006	0.000005	0.000005	0.000006	0.0338	0.000008	0.00000611751		0.000015	0.000014	0.000019	0.001315	0.000011	0.000018	0.090418	0.082519	0.825663	0.00000810467		0.000041	0.000043	0.000044	0.000045	0.000039	0.00004	0.000042	0.000045	0.000041	0.9996210695		0.024108	0.005309	0.000071	0.351121	0.026743	0.243514	0.146095	0.043456	0.159572	0.00001214409		0.000095	0.000044	0.00001	0.060494	0.000009	0.939303	0.000013	0.000014	0.00001	0.00000814169		0.000049	0.000045	0.000048	0.000048	0.000045	0.000048	0.998832	0.000798	0.000048	0.00003911759		0.00002	0.000022	0.022393	0.000022	0.977348	0.000044	0.000078	0.000034	0.00002	0.00001811758		0.000009	0.101306	0.000037	0.000007	0.891506	0.000007	0.000009	0.000263	0.000007	0.00684914534		0.000111	0.0001	0.006383	0.000123	0.01754	0.000092	0.000298	0.975133	0.000136	0.00008410465		0.000129	0.004612	0.059418	0.267381	0.000045	0.239085	0.428853	0.000067	0.000368	0.00004312872		0.000166	0.000155	0.000161	0.000185	0.000161	0.000173	0.998312	0.000217	0.000291	0.00017814535		0.0347	0.011574	0.000077	0.01111	0.000027	0.130556	0.811855	0.000037	0.000038	0.00002714495		0.000056	0.001614	0.055242	0.404116	0.000028	0.000089	0.385622	0.012777	0.140426	0.00002914537		0.077711	0.000281	0.146947	0.000415	0.000122	0.032956	0.563425	0.177913	0.000113	0.00011612242		0.000091	0.000033	0.082331	0.004116	0.000026	0.000041	0.694054	0.219219	0.000067	0.00002210461		0.57136	0.214702	0.014714	0.198902	0.000006	0.000253	0.000017	0.000032	0.000009	0.00000514531		0.00003	0.00004	0.016462	0.00244	0.000028	0.728714	0.079567	0.046234	0.126467	0.00001812871		0.000222	0.261696	0.008945	0.06348	0.000013	0.420638	0.173423	0.071545	0.000026	0.00001214532		0.000093	0.000087	0.001531	0.000106	0.000091	0.000098	0.997604	0.000163	0.000142	0.000085179		0.00009	0.000082	0.242688	0.000128	0.000066	0.000108	0.497554	0.25913	0.000093	0.000061178		0.000294	0.000292	0.080286	0.00042	0.000268	0.000278	0.001989	0.915377	0.000544	0.000252177		0.000005	0.000006	0.999949	0.000005	0.000006	0.000006	0.000007	0.000006	0.000006	0.000004176		0.000021	0.000024	0.998996	0.000022	0.000839	0.000021	0.00002	0.000019	0.000022	0.000017175		0.000011	0.00001	0.000014	0.00003	0.000008	0.000015	0.000022	0.99987	0.000012	0.000009174		0.00004	0.000042	0.000041	0.015251	0.000028	0.000553	0.000072	0.983899	0.000041	0.000033173		0.000007	0.000008	0.999929	0.000007	0.000007	0.000008	0.000011	0.000008	0.000009	0.000006172		0.000018	0.000017	0.000025	0.000024	0.000017	0.00002	0.000038	0.999804	0.00002	0.000016171		0.000018	0.000018	0.000019	0.000959	0.000014	0.000044	0.000029	0.998865	0.000018	0.000015170		0.000028	0.000029	0.000028	0.005824	0.000021	0.000117	0.000043	0.993858	0.000029	0.00002314160		0.000658	0.04764	0.000076	0.000732	0.00028	0.000062	0.099438	0.84739	0.003692	0.00003212243		0.000002	0.000002	0.000002	0.000002	0.99998	0.000002	0.000002	0.000003	0.000002	0.00000214167		0.000061	0.000055	0.000056	0.000058	0.000049	0.000058	0.999473	0.000087	0.000058	0.00004514166		0.000069	0.000063	0.000067	0.000068	0.000057	0.00007	0.999372	0.000111	0.000069	0.00005212870		0.750494	0.130079	0.000012	0.010475	0.000006	0.070003	0.000009	0.000006	0.03891	0.00000510513		0.000126	0.00006	0.030434	0.005159	0.000027	0.801357	0.000065	0.005081	0.157667	0.00002414165		0.031417	0.942492	0.000033	0.000031	0.000079	0.001269	0.0246	0.000021	0.000043	0.00001410469		0.000027	0.000025	0.209293	0.000029	0.00006	0.692075	0.018447	0.018031	0.061996	0.00001914158		0.00002	0.000025	0.000027	0.000255	0.073847	0.000032	0.00005	0.925695	0.000033	0.00001610390		0.000054	0.000046	0.000068	0.000064	0.000044	0.000048	0.043943	0.000927	0.00004	0.95476510391		0.000023	0.000019	0.000052	0.838773	0.000025	0.093711	0.006903	0.060115	0.000364	0.00001510392		0.000202	0.000113	0.034215	0.433598	0.000114	0.017184	0.451648	0.0624	0.000433	0.00009410393		0.000109	0.10105	0.00012	0.292576	0.000069	0.094143	0.057285	0.454473	0.000111	0.00006410394		0.000014	0.000006	0.000008	0.000041	0.000007	0.993651	0.004996	0.001262	0.000008	0.00000510395		0.380085	0.246806	0.000025	0.000019	0.000015	0.31432	0.021341	0.000012	0.037365	0.00001210396		0.107976	0.083069	0.000025	0.000025	0.425785	0.319737	0.063271	0.000031	0.000071	0.00000910397		0.000612	0.475293	0.118217	0.000537	0.000023	0.000183	0.196602	0.059221	0.14925	0.00006110398		0.96446	0.004379	0.001896	0.009396	0.002183	0.007213	0.010312	0.000002	0.000159	0.00000110399		0.444413	0.000399	0.000357	0.266669	0.000211	0.000234	0.0002	0.286748	0.000218	0.0005517218		0.000117	0.999486	0.000016	0.000024	0.000276	0.000025	0.00002	0.000014	0.000013	0.0000097219		0.000025	0.000016	0.017723	0.883056	0.000018	0.000041	0.068859	0.028968	0.001284	0.00001113545		0.246767	0.000115	0.000075	0.638612	0.050306	0.053667	0.000153	0.000052	0.010206	0.0000467210		0.000196	0.271614	0.000195	0.000281	0.016977	0.000144	0.710043	0.000188	0.000216	0.0001457211		0.275287	0.000704	0.000794	0.594292	0.127367	0.000187	0.000704	0.00013	0.000397	0.0001397212		0.000006	0.000006	0.000016	0.999864	0.00005	0.000007	0.000021	0.000011	0.000014	0.0000057213		0.018019	0.507424	0.00004	0.000874	0.000011	0.401578	0.058592	0.000019	0.013433	0.0000097214		0.000027	0.000027	0.000027	0.000027	0.999756	0.000027	0.000028	0.000027	0.000029	0.0000267215		0.000018	0.000019	0.000018	0.999832	0.000017	0.000018	0.000021	0.000021	0.000021	0.0000157216		0.000027	0.000027	0.000027	0.000027	0.999756	0.000027	0.000028	0.000027	0.000029	0.0000267217		0.000024	0.000016	0.033809	0.889756	0.000017	0.000037	0.074562	0.000356	0.001413	0.0000116217		0.079733	0.191889	0.000616	0.015681	0.000204	0.000219	0.477585	0.173942	0.059938	0.0001926216		0.000035	0.000368	0.000033	0.979866	0.019448	0.000087	0.000059	0.000039	0.000041	0.0000256215		0.091046	0.234423	0.000147	0.171768	0.000019	0.40729	0.095233	0.000026	0.000031	0.0000176214		0.000036	0.000501	0.000034	0.978426	0.02074	0.000093	0.000062	0.00004	0.000042	0.0000266213		0.023546	0.000021	0.674443	0.014774	0.000014	0.000044	0.15943	0.127676	0.000026	0.0000266212		0.000013	0.000049	0.000023	0.941834	0.000023	0.001986	0.035973	0.020076	0.000014	0.000016211		0.000014	0.000168	0.000014	0.957785	0.00001	0.002522	0.039448	0.000013	0.000015	0.0000116210		0.000007	0.000123	0.000008	0.600786	0.385913	0.000357	0.006101	0.000007	0.006693	0.00000613540		0.000007	0.000007	0.000015	0.000124	0.999651	0.000009	0.000012	0.000161	0.000008	0.0000056219		0.000034	0.000892	0.000032	0.980569	0.018231	0.000085	0.000056	0.000037	0.000039	0.0000256218		0.000137	0.000144	0.096104	0.549435	0.000109	0.000147	0.114457	0.239146	0.000226	0.0000966819		0.00507	0.912319	0.000859	0.00133	0.000008	0.000057	0.080322	0.000017	0.000011	0.0000076818		0.040111	0.000721	0.000031	0.744922	0.001017	0.097168	0.091061	0.000029	0.024917	0.00002213542		0.000088	0.000089	0.000085	0.036116	0.01293	0.442033	0.508396	0.000074	0.000114	0.0000766811		0.000057	0.000043	0.105796	0.000042	0.000047	0.00006	0.87598	0.017912	0.000034	0.0000296810		0.000076	0.135724	0.00006	0.000089	0.000117	0.293255	0.570254	0.000318	0.000059	0.0000486813		0.000028	0.000027	0.000028	0.000028	0.99975	0.000027	0.000028	0.000027	0.000029	0.0000276812		0.000009	0.00001	0.00069	0.000018	0.000011	0.975401	0.000012	0.023833	0.000009	0.0000076815		0.04488	0.000981	0.000033	0.73668	0.001392	0.099192	0.089967	0.00003	0.026824	0.0000236814		0.000027	0.017461	0.000019	0.116887	0.735768	0.081176	0.003545	0.045075	0.000018	0.0000216817		0.000463	0.00042	0.000684	0.000406	0.000346	0.000421	0.995953	0.000441	0.000437	0.000436816		0.000098	0.000095	0.658328	0.000112	0.000088	0.000105	0.000094	0.210674	0.130319	0.0000869757		0.001223	0.001058	0.001039	0.738862	0.000995	0.252839	0.001007	0.00099	0.000996	0.000999756		0.000009	0.000006	0.102558	0.000006	0.896608	0.000006	0.000268	0.000012	0.000521	0.0000059755		0.000568	0.000519	0.000581	0.000731	0.792949	0.000867	0.000661	0.202109	0.000518	0.0004989754		0.000568	0.000519	0.000581	0.000731	0.792949	0.000867	0.000661	0.202109	0.000518	0.0004989753		0.000348	0.000339	0.000384	0.000367	0.000332	0.00034	0.000385	0.996825	0.000347	0.0003329752		0.026469	0.096184	0.000026	0.000033	0.000016	0.80692	0.045969	0.00003	0.024336	0.0000179751		0.000111	0.000105	0.977847	0.021118	0.000109	0.000112	0.00016	0.000176	0.000159	0.00010210574		0.000039	0.000062	0.384438	0.000066	0.008392	0.000036	0.042727	0.414355	0.10396	0.04592610575		0.820162	0.023441	0.000007	0.074866	0.005855	0.070741	0.004405	0.000045	0.000474	0.00000510576		0.000019	0.000019	0.000019	0.000019	0.999832	0.000019	0.000019	0.000019	0.000019	0.00001810577		0.000361	0.000371	0.000343	0.000338	0.996807	0.000334	0.000414	0.000332	0.000366	0.00033210570		0.000361	0.000371	0.000343	0.000338	0.996807	0.000334	0.000414	0.000332	0.000366	0.00033210571		0.000013	0.000011	0.001018	0.003022	0.000029	0.681522	0.207721	0.038632	0.066689	0.0013439759		0.000361	0.000371	0.000343	0.000338	0.996807	0.000334	0.000414	0.000332	0.000366	0.0003329758		0.000006	0.000005	0.085182	0.000005	0.914056	0.000005	0.000682	0.000011	0.000044	0.0000048913		0.000044	0.000047	0.085577	0.394003	0.000038	0.466955	0.000185	0.004724	0.048387	0.00003913548		0.812811	0.000099	0.000015	0.015854	0.008349	0.000024	0.1628	0.000011	0.000025	0.00001111772		0.000023	0.000024	0.00002	0.000024	0.999775	0.000036	0.000038	0.00002	0.000023	0.0000188848		0.000344	0.000338	0.000405	0.000388	0.000345	0.000335	0.996214	0.000885	0.000402	0.0003458849		0.000146	0.000144	0.001191	0.000158	0.000285	0.000144	0.859714	0.137906	0.00016	0.0001528840		0.065296	0.846291	0.000035	0.048514	0.000004	0.015027	0.000007	0.000413	0.024408	0.0000038841		0.000224	0.000217	0.000258	0.000234	0.000206	0.000242	0.000327	0.00028	0.997812	0.00028842		0.887214	0.030436	0.007598	0.010438	0.000001	0.031203	0.009853	0.006215	0.017025	0.0000168843		0.509238	0.154526	0.146508	0.000755	0.000301	0.000043	0.10675	0.035794	0.046062	0.0000238844		0.016176	0.930032	0.000024	0.000018	0.000011	0.00034	0.03319	0.003413	0.000014	0.0167818845		0.188883	0.110275	0.000024	0.010023	0.000579	0.690115	0.00001	0.00001	0.000075	0.0000068846		0.054979	0.00007	0.774764	0.000076	0.000073	0.008717	0.000081	0.000192	0.160988	0.000068847		0.11687	0.108899	0.000013	0.00182	0.000011	0.757477	0.000029	0.01485	0.00002	0.0000113384		0.145658	0.03947	0.00022	0.803817	0.00001	0.002353	0.000017	0.008434	0.000014	0.00000711849		0.000031	0.00003	0.000048	0.000034	0.000038	0.000034	0.00032	0.999394	0.000043	0.0000298915		0.000007	0.000006	0.999929	0.000006	0.000008	0.000006	0.000007	0.000014	0.000007	0.0000117669		0.000118	0.000044	0.00005	0.883456	0.032557	0.000047	0.065407	0.000066	0.018215	0.000047668		0.000027	0.000027	0.000027	0.000027	0.999756	0.000027	0.000028	0.000027	0.000029	0.00002611509		0.108327	0.102226	0.000096	0.647069	0.000036	0.000052	0.000593	0.000227	0.141341	0.00003312667		0.454379	0.449202	0.040747	0.000035	0.000024	0.00003	0.055473	0.000044	0.000044	0.0000227661		0.000339	0.000303	0.000256	0.995687	0.000269	0.000354	0.00172	0.000432	0.000349	0.0002917663		0.000057	0.00006	0.000049	0.718892	0.034543	0.000045	0.173047	0.053046	0.020224	0.0000377662		0.003956	0.030056	0.009937	0.166325	0.000028	0.040606	0.552968	0.107696	0.088415	0.0000137665		0.000421	0.290261	0.000952	0.556511	0.000175	0.008789	0.142096	0.000374	0.000253	0.0001667664		0.000084	0.072413	0.028768	0.081716	0.000089	0.027925	0.374579	0.000126	0.414233	0.0000677667		0.000111	0.000112	0.000138	0.000162	0.000102	0.695533	0.000206	0.001209	0.302313	0.0001147666		0.000053	0.000034	0.000051	0.80218	0.028721	0.000047	0.148708	0.002263	0.017918	0.00002511844		0.000021	0.003565	0.000021	0.000015	0.000014	0.010563	0.055254	0.93048	0.000019	0.00004814520		0.000013	0.000011	0.001018	0.003022	0.000029	0.681522	0.207721	0.038632	0.066689	0.00134311842		0.000022	0.003625	0.000021	0.000016	0.000014	0.010657	0.057547	0.928027	0.00002	0.0000521768		0.000017	0.000016	0.999837	0.000016	0.000018	0.000016	0.000021	0.00002	0.000024	0.0000151769		0.000028	0.000028	0.99972	0.000028	0.000028	0.000037	0.000041	0.000035	0.000031	0.00002412664		0.000008	0.000009	0.059811	0.000008	0.940113	0.000008	0.000009	0.000012	0.000012	0.0000081762		0.000033	0.000027	0.188973	0.000047	0.00003	0.